1649785352797902,2320347770,937,59,7751,31998,-1851945916643587035,312204679170904088,5470,1,false
1649785352798865,3246734886,921,41,7675,24616,-1365977258885837879,-3348051327161584863,7325,6,false
1649785352798572,1069434161,2531,793,9027,94063,3626638287490229743,17468284379125814,3561,1,false
1649785352798186,3339103949,4593,739,205,96148,-1628817529965581530,-1448619795119541704,6507,1,false
1649785352799501,3059422519,1937,4,313,5959,2954207207896641302,-6303107534112068447,8355,2,false
1649785352799191,354836675,4419,492,1809,70035,-3115315757792411711,-1229524646630653618,3917,3,false
1649785352799922,1559657740,4039,587,7391,91223,9149048143967544436,5537994767571777605,4776,3,false
1649785352800829,1991184473,3588,321,2618,14448,-690770571282753597,6618916319081223506,5510,3,false
1649785352800434,2693827373,2841,509,9620,55851,4385828772399517043,52073132326677306,1887,2,false
1649785352801575,1317560092,2941,651,7318,306,5670503412278653308,-3881890757728768811,6778,4,false
1649785352801288,709895607,331,82,5522,20534,3784871833652214243,-3383681058712364460,2286,2,false
1649785352801885,3319103576,594,663,7366,97719,582554355182977331,-7117691090668147521,3139,6,false
1649785352802157,3380294903,3054,245,2657,39905,-1390435844457104810,-8366569912118516252,6975,2,false
1649785352802466,2600353355,277,360,7300,56490,6795731361672613124,-5600980227373569879,5101,6,false
1649785352802741,566209957,1774,492,5527,83997,-8392179192710428244,3271812197177776359,5191,6,false
1649785352803607,2090364283,475,645,3987,55165,-2184228232755337697,-1147172093184301305,9707,4,false
1649785352803298,3037876830,1070,696,2838,25637,1147645021530809265,8902462471278649552,5514,4,false
1649785352803023,3739967858,4976,921,8667,57417,-5192271320974851799,-5458760315874229534,3769,5,false
1649785352803976,881809935,2565,809,1596,3889,5415254238481330094,-8276942584189232947,8463,3,false
1649785352804259,2446435889,1158,70,5855,41651,4557080457108230978,7978945906312476612,6935,3,false
1649785352804552,257975078,2885,690,1705,63873,-4253911701375985592,-4607313532635171263,4321,1,false
1649785352804844,3227781964,308,221,9180,44939,-8966017144929230002,6979217500164195144,1487,1,false
1649785352805432,3631655339,2439,129,5944,51596,-6936525048151802714,-5318403563164100647,9483,4,false
1649785352805996,2330287583,2820,191,5432,96550,3177850851947208900,-3022784572413879707,2430,5,false
1649785352805127,3384923024,1137,16,7875,55435,-7191827374544827879,-971128400240504586,1325,6,false
1649785352805717,717119814,4502,185,7004,76569,-553667285588009758,1695518799089823751,8475,3,false
1649785352806264,1546796400,52,237,5659,46416,-462365706502171881,-721077345309926140,4280,6,false
1649785352806543,2744124922,1674,732,6349,98811,-2676285231009262141,-1664568449904906496,5241,4,false
1649785352806814,2611596580,4973,804,2688,63429,-7144214279227368086,127307924887517698,7013,5,false
1649785352807369,3425507490,969,887,972,80450,5378093581363862230,4830252707685763893,5759,1,false
1649785352807727,2613804246,1010,238,4124,58405,-5549442569127041342,880655053966578768,3878,6,false
1649785352807098,3569588357,1995,537,2625,78898,594176789651804875,-3023578023220338409,7415,3,false
1649785352808300,1304751937,1070,472,5074,83598,8769434539721215255,2643135562933373238,1356,3,false
1649785352808825,521130939,47,21,4075,2865,7794002030599053291,4006743506485959177,6438,4,false
1649785352808008,3221140677,3377,271,9552,91558,5730264323790825693,-4276913519095001105,5920,3,false
1649785352809488,3583373653,480,188,3637,14099,4009499234366611227,3328352111953920413,8056,3,false
1649785352809818,3529819251,1319,481,7449,18436,-1043522557527458445,-20288323531298244,6065,5,false
1649785352810392,709764578,3575,784,4060,55893,-1378758487431755087,-3249493008595514923,2540,2,false
1649785352810800,2471630260,4252,758,8049,57834,-3550201389845007433,-7007236124250292741,2970,3,false
1649785352810101,3063425687,3,391,2458,12833,8304921894663222714,-1970241966754291785,5084,6,false
1649785352811506,2733301133,2445,130,3667,76335,1593501306791464975,3705279925916067094,5280,6,false
1649785352811959,158984343,2638,783,2993,7140,2456376894920894830,820072827285676941,6736,2,false
1649785352811211,3490651979,121,402,6172,59095,-9118301790819191298,5952832764024207768,3080,3,false
1649785352812971,1500200697,1975,993,471,3756,4787854101668540370,7575905963293915026,6873,6,false
1649785352812658,2945029641,3060,244,3911,64140,5714855257717509746,-3031060167318698750,4258,4,false
1649785352812365,1957301458,2048,652,7070,34678,3641659555090738742,6199616096311639986,3521,2,false
1649785352813253,1665154611,2748,564,7555,37921,7905877741412808297,1921956746373870756,8069,2,false
1649785352813817,1567607318,4852,736,7278,39110,7295350524904959640,2615391085007711422,8401,2,false
1649785352813536,3322820983,1550,773,1485,54358,2813706494152386747,539230084760981710,1182,6,false
1649785352814110,3868762108,1450,205,2171,67081,-7875313651393049728,-8144543611059725047,8647,5,false
1649785352814786,3058428682,534,907,8927,38963,2148885329281472872,3886117323600322945,3842,2,false
1649785352814413,2849877892,4484,774,6948,85362,1757494331550551562,222075333281746076,9926,4,false
1649785352815942,4143826552,3788,179,8871,79453,-1682203034266883076,-8876292030584327027,2509,1,false
1649785352815517,1987743722,4129,923,7313,3708,-1627484544122328305,2350712849447631539,6487,3,false
1649785352815212,579671354,4648,977,8494,73410,-6835948649377808597,1166948456916157170,2487,3,false
1649785352816762,4129086782,2730,474,5249,72896,2928564954801340844,-6170994304064031075,8570,3,false
1649785352816409,4062148740,3990,653,1601,28482,-1913459855453317197,3233062859526479130,6564,3,false
1649785352817072,4104485722,3357,979,5897,60235,7190325440581749186,7222898709093446318,5487,5,false
1649785352817938,31517797,3069,749,2727,70734,3769120634503704733,8224616243393186548,5183,4,false
1649785352817361,3094466035,370,739,8065,31277,4976316951803949734,8367866442039846760,3472,1,false
1649785352817658,1417555883,3375,332,1035,75693,6108148797505529077,5257124029944925995,7038,6,false
1649785352818571,1097639454,213,481,2198,93428,9036972618717004857,2838812258196272152,9812,2,false
1649785352818251,571298689,183,915,9814,81025,3784070820819275335,-1968077192910360024,8641,1,false
1649785352818861,2639643801,1780,386,7005,81878,1797639460062252817,8068338014510391591,7119,2,false
1649785352819201,657404359,2622,8,4352,99947,1800874055985484112,6431518548384604658,4388,6,false
1649785352819509,2836173178,4100,966,5241,60911,1062680526475470910,-6315995475590679778,2599,6,false
1649785352819943,351516616,1760,655,5396,429,7807250148551473210,3343321709834483312,7285,1,false
1649785352820553,2966694069,3746,945,5360,69157,4625384864772895571,4229822748712054046,2765,3,false
1649785352820940,1058806562,2641,245,820,7332,-5109918686318097967,-1608255494903314531,1008,6,false
1649785352820272,987986766,3641,589,841,80636,-8441244831443518843,1486632287547635528,6507,5,false
1649785352821249,684177811,2094,469,6811,86676,-6939444544625206414,-512765175489035253,4052,5,false
1649785352821817,176747626,2958,944,9653,49424,-7968768266567399805,-5204329886949224913,1108,1,false
1649785352821532,979291480,265,992,3714,70326,-7382312628444833204,-2012098231011162302,7008,2,false
1649785352822142,4244541647,1132,493,1479,83173,-491445665301868677,-7369952174520460242,3080,1,false
1649785352822776,1746084330,3651,553,6250,24549,-1210840787115701850,-1354806354210498637,2792,5,false
1649785352822438,2950945190,3881,194,4749,11595,9149052588313070254,-6680117736014703446,4578,3,false
1649785352823340,3463729368,2055,26,7936,80609,-2763347880499745,423567715317575391,4861,5,false
1649785352823060,4134444659,1983,323,145,91897,-8006952941727639086,-4291774636171620880,5768,5,false
1649785352823779,2822584307,2960,24,1398,2144,-7822081385367487059,-5040434886138846381,2087,2,false
1649785352824118,3372354178,2594,90,9517,89622,3366442309634903373,2014206594145159604,4041,1,false
1649785352824737,242386005,4829,730,9832,30764,4336793747087975040,-4039933290584563058,5213,5,false
1649785352824428,2021931055,2014,213,562,66476,6471854922465769881,7393949470016361606,6690,5,false
1649785352825973,1754830263,437,571,7232,20532,9195017542706048759,-6435362359260807661,4012,6,false
1649785352825399,2749652799,871,627,9742,15747,9129648777449487218,4572233117699456417,4977,3,false
1649785352825677,3774306563,3221,786,7045,56507,2428792229582543191,-2917243452406882574,5376,4,false
1649785352825076,3005556986,3701,283,4400,66735,1181986652959112272,-4975277185019539204,7964,5,false
1649785352826632,3682122138,185,683,1140,57213,1254742472393850418,-2891663361688998901,2983,6,false
1649785352826244,2095608569,753,951,1874,75366,355184042473541528,-5217766227584241124,2453,1,false
1649785352827078,3727087171,3782,371,817,96590,6291869825353730517,909457355491401194,6321,4,false
1649785352827543,2914853883,253,452,6274,21280,251786325628981554,7747490830357050606,9008,5,false
1649785352827941,2073026715,1013,955,3876,42193,-4889531376028430366,-1123167301524221592,5429,1,false
1649785352828921,2232464892,3841,693,4162,56796,-4079908536030899112,8595342319157270932,3766,4,false
1649785352828570,2770928790,2741,678,1349,20203,-201412350910735196,-6430940326420630520,9446,6,false
1649785352828292,2589034106,2634,483,9064,77939,8975640320854659215,4246180773311012002,2117,1,false
1649785352829516,3448808683,1725,598,9681,5809,-3707638221938505699,-1064221368212947583,2317,3,false
1649785352829236,4268575121,1913,960,8284,38341,5008475648795189150,-2756757588114392584,6492,3,false
1649785352829790,420041835,3047,847,2662,59083,3628505536998170908,-5580367701992487103,6151,2,false
1649785352830376,259653537,866,147,3248,57300,-4676305011885138815,-4977708154660617996,8279,5,false
1649785352830077,878654375,3354,109,6743,30527,-996055621290408031,-7843715121291577007,3627,1,false
1649785352830718,1900375567,3120,759,6220,16524,-9032829794775542609,8280057325151203107,8537,1,false
1649785352831786,3335003889,3310,315,4048,93127,-7179986429238094839,-7063932697274713403,6412,4,false
1649785352831370,905182088,1784,114,625,26181,-5592963552607279527,9050855202686687039,9764,5,false
1649785352831073,4175610160,3048,166,1211,3274,-4069261521201902629,3213611731916840743,5348,2,false
1649785352832456,2932434448,634,4,8354,10504,7978941878048562660,-6617662967804528755,5244,2,false
1649785352832765,4016786454,3247,159,7730,29498,-8633947342812725691,-5036532113554938742,5873,1,false
1649785352832121,2316664574,3925,821,2760,43518,994511827059510134,-2218175925909410476,7193,6,false
1649785352833729,2972308994,1568,669,6495,22085,-8169096661036166883,7502741106841439168,8950,4,false
1649785352834803,703513858,3048,760,1323,64882,-4662355044153975268,1813319813843761121,9582,1,false
1649785352834525,464909060,938,338,3067,74610,-3649459642949188512,7755613238889929489,2655,5,false
1649785352834183,960391470,4840,659,4636,57167,2931288551272686323,-946826069003728632,2304,5,false
1649785352835084,1207023812,331,444,1003,79828,-2962294009342845709,-4991901699649382712,9014,4,false
1649785352835448,3333476875,1156,307,624,95112,1241223290794244802,473228018342122847,4978,2,false
1649785352836613,3079507438,2762,38,3266,29502,749851598310612549,8019830346460637550,9146,3,false
1649785352836000,3252300434,3633,38,5675,18006,3584232498229042085,-403726740625127360,9929,6,false
1649785352836926,358548618,1383,243,3597,59223,3141237987215617461,6511963039156048657,1394,2,false
1649785352836312,104631517,273,344,6431,98358,-1726816552897108041,7679879582790190057,1324,6,false
1649785352837795,4137377253,284,525,9075,48194,8068131663729327893,3821508689187810929,6471,2,false
1649785352837490,1769125016,2857,569,1678,19659,-2631730912497267985,-8002561654684384955,6096,5,false
1649785352837206,2764884663,1681,157,4363,39450,-3290970337049904671,7688626767889953589,1831,3,false
1649785352838909,1165172024,2953,678,9148,49726,6396876522468839418,-6516008694012859384,7468,3,false
1649785352838344,703712530,3794,269,760,40918,3336904363677839221,-1227761810144994511,2528,5,false
1649785352838617,2986397023,528,634,8009,44330,4760551999179100711,-1933493864923888654,2203,6,false
1649785352838063,776250109,2739,263,3402,58966,-5592540387894530754,5018008489316218327,7546,4,false
1649785352839492,3550169486,2552,79,9205,16911,4424069292808101386,750707820336070354,5262,1,false
1649785352839181,3734032146,1861,365,9723,18734,2710677786825365706,-4870628175168121215,9420,2,false
1649785352839954,1047725793,3738,668,2193,25419,6429266156312438895,-6301793477795915155,1281,6,false
1649785352840338,1048511043,2341,758,1720,91486,7862975574872007771,-8506102140749060708,9949,4,false
1649785352840622,4268038612,679,211,8065,6896,9007207057342060419,-7156009976675819169,3881,1,false
1649785352841426,1115917030,6,238,4654,65517,-153386162332637268,1060233822013836818,8020,2,false
1649785352841027,1408353907,3887,158,3222,99435,-6254868912970835594,-5729026843205828693,1571,6,false
1649785352841761,2785657090,184,404,6558,51268,2961857686342270877,7368614353782653527,6369,5,false
1649785352842033,1906958205,4407,888,4606,51355,7277253837964428923,-5638472164524531652,6423,3,false
1649785352842912,4051099132,631,904,8576,17425,3275939914444854587,2233673105979512518,6065,4,false
1649785352842355,2404670270,3968,103,6176,2741,804361122950442357,1623574298439003929,7190,3,false
1649785352842609,737158768,508,307,3203,18643,-932869077483299894,7345135197996475672,6387,4,false
1649785352843487,3283563096,2127,212,2008,80693,-965450877410925208,5986445129793512630,8781,5,false
1649785352843202,1450074567,2766,189,2556,32006,-8688402341662944359,1283523542306513283,9859,5,false
1649785352843894,3671759906,3085,297,5615,84575,7130569995359041877,-2781230856146797188,7882,5,false
1649785352844530,4105225768,278,780,8801,21549,5750598796483918266,-3474155638312312617,1493,5,false
1649785352844240,2202037258,119,851,3401,97135,-4526751607676789142,8872677189095936645,8325,4,false
1649785352844833,2749264849,125,234,9642,4172,2795292327289472214,-5255986299263207457,4010,6,false
1649785352845476,4190848782,1292,387,7976,17156,2718903835406137170,7490124288822589295,7193,1,false
1649785352845158,1766447876,3847,975,7511,75970,-7824929984512858757,-2170659739304715598,4929,2,false
1649785352845753,4091980258,1644,586,8236,66499,7749043514542381399,3802515498838917106,6256,4,false
1649785352846222,1877270645,587,109,6325,13150,8716948809946147539,5089019859397662997,3042,4,false
1649785352846919,1941956700,641,44,5099,86007,7107648715541602889,-7326465588268862754,4520,6,false
1649785352847947,586295108,2124,735,6555,95970,1252357435118394510,6491466845369607197,2785,1,false
1649785352847311,3907957094,4606,546,3396,14728,252642022100645698,35748643424184979,8310,1,false
1649785352848733,1668667541,1283,550,7725,84004,-5539963042640591338,3924431828031558430,1637,1,false
1649785352848391,1171939851,1108,41,6106,38853,5217831790861016111,1137921753287273343,4084,5,false
1649785352849450,1389923334,2449,705,1312,12416,5639549055605269749,-78378065005185257,3438,1,false
1649785352849085,4115882335,1196,737,7970,26616,-1559851700029553749,7639223122972402396,1428,3,false
1649785352849812,2577417377,418,608,3776,4005,-7479804624085899335,5865692708412953566,4061,5,false
1649785352850608,2367083086,1792,600,5616,54957,-8723748956371509675,30397966291467741,1238,5,false
1649785352850286,979649164,2297,448,9673,31648,-3375214615546560732,7627136350056415216,3170,2,false
1649785352850890,69307923,861,833,6156,44111,4807611910226225202,4203664137897834166,4791,6,false
1649785352851495,2926337272,1565,22,894,9529,8184960517101238681,-6727126867720751746,3694,4,false
1649785352851203,2031479844,3201,937,1039,1503,-9093396909260482790,-449838320805868760,5389,1,false
1649785352852004,2004182879,573,797,4623,48157,6666791231088978628,-4872028020979338609,7200,5,false
1649785352852954,1465708605,2188,187,6015,76312,-1371199696368023267,3425952826920563859,9060,1,false
1649785352852640,1172502085,2246,938,4952,8284,-8708968578742814228,8629614740636235760,3235,5,false
1649785352852315,333123870,4303,313,1293,21162,975059286130393632,7013728314592696002,3274,6,false
1649785352853821,2233920415,89,119,3022,89207,2760107790551636174,8447333259715979577,3642,3,false
1649785352853517,2402937506,4220,881,7104,4962,-927119083612157965,869600384029712584,4642,2,false
1649785352853238,2243471193,3824,267,3642,51116,289960517905968452,3726714607234822124,1113,3,false
1649785352854133,4066120281,686,355,4618,22888,5399431008076702902,-5609757264419638684,1619,2,false
1649785352854700,902683073,2782,277,4233,75847,-3873267139937992429,3477440994907873127,4410,3,false
1649785352854991,3460892058,1489,125,9040,83804,19311946688230147,-4845666648636592782,2730,3,false
1649785352854425,3661546737,2976,775,5794,65647,8819082312937130464,-4604960683262244358,9403,4,false
1649785352855335,3118588362,2144,289,6589,99835,7780393755629521087,4860176580424222190,4421,3,false
1649785352855739,1762246014,919,825,1347,13759,3205734548726494772,-5989347198465747232,8743,1,false
1649785352856237,4136849659,4116,607,1554,79427,2336397985885957508,-4651402467912495082,3631,1,false
1649785352856886,505258243,4206,584,4852,17927,668135772020719514,-2429170939884529047,4753,5,false
1649785352856605,2000891346,4630,672,934,9914,-5180511810113854380,-2110337564295303483,7469,1,false
1649785352857556,1957895772,2756,774,1675,23171,5896510332255066856,173670894952948547,4405,4,false
1649785352857847,1629307426,287,668,9660,88942,-5803921156763499020,-2475921421774864020,8291,5,false
1649785352857233,3654063451,156,347,9421,40349,5022746180810654035,7929682469045010296,1111,6,false
1649785352858741,419419682,4877,455,4591,36291,2173871169842256901,212244079937806384,6507,1,false
1649785352859308,1707205715,897,441,5307,97019,2965461827626342544,-6698620625680924096,6716,2,false
1649785352859031,1130892948,265,833,1297,57520,-3922943762044700528,-8422683290017653979,2421,5,false
1649785352859684,1086715477,403,274,9406,41344,-7836986161178515372,313285779585470918,2897,2,false
1649785352860123,4038343193,172,703,8059,13914,-4445177461529549907,7274801506832584308,3471,6,false
1649785352860446,1060481217,1640,172,3070,93183,4160083715791876378,9015064052024377848,1709,1,false
1649785352861943,2295478914,3983,98,6904,92152,-5322097744268380942,3643852792904478625,5647,1,false
1649785352861605,1570856839,1242,142,236,47608,1928593099753621637,-3272687177468791053,7848,1,false
1649785352861038,2707716146,2965,88,1632,49665,3867824080970174162,8487658034487274184,1723,3,false
1649785352862541,3799314410,3871,797,1322,29798,-7549583675209526781,6644082708137265321,2142,4,false
1649785352862248,1249652602,587,573,8345,12312,-294532867649466512,-6969154841914719269,2519,2,false
1649785352862841,1365404766,3475,306,6114,24415,6482360721133330001,-2149801357093474091,3476,2,false
1649785352863129,2364474005,3138,102,5059,26948,-8816707202487508922,6348771784054490518,8955,6,false
1649785352863443,3587129037,1781,370,6320,78030,1283730035724798065,8254904596154587900,3925,4,false
1649785352864187,1677929964,916,962,8656,96493,-3437236023183693192,6553669960720261952,9994,4,false
1649785352865821,2006375299,2504,789,1539,57286,2897482574919271939,-2191447630617225567,9809,6,false
1649785352865083,2832983732,2218,747,4102,61116,-7376428150660259213,-1723618217227621468,9277,1,false
1649785352866682,135192758,560,279,3586,81959,3403805053724334659,7069176897023197636,3265,1,false
1649785352866288,2675218229,3996,121,1722,1805,8583839897434654831,5625278547403229075,1773,6,false
1649785352867084,1123077572,4335,915,2376,17121,-7049311151956236297,-3939938460687303599,3218,5,false
1649785352867510,3541769173,100,861,7172,52788,-137534861090177722,6396608420903849794,8544,6,false
1649785352867932,2211381714,2869,618,6182,17846,6542740380538091730,2530745407690288869,5788,2,false
1649785352868997,2954108761,3316,80,6284,76238,6965902448786291463,-142593056742567672,1659,2,false
1649785352868309,1831304001,3529,350,4540,40661,5524577879782123374,-4482602947819821922,5392,1,false
1649785352868620,2612183925,4261,223,8738,39018,-5874687782581459497,5650846903079256813,5198,3,false
1649785352869299,2976009935,1826,968,7293,33873,9062415910290473179,6176598837207552863,5319,6,false
1649785352869830,4170771752,702,480,1796,58216,8001596038275396019,6913871115619009387,3243,4,false
1649785352870931,2435425361,426,431,3570,84570,954393290867384909,672683983577266352,3514,6,false
1649785352870424,1061931339,4886,347,7507,93799,-1621602579489767649,-6183365480342732086,2337,2,false
1649785352871267,2753857511,1625,604,8024,60179,-6095541993978848209,2469576312479611231,1279,2,false
1649785352871600,3832442646,4887,810,4128,20946,-6250576533397949839,1245593246055582756,3053,5,false
1649785352872382,3297722913,1927,709,771,47181,-2230618204807474992,-4169165378974524205,3307,5,false
1649785352872718,1911955114,1772,255,8167,42404,429427517090187255,-2283210918090817285,5150,3,false
1649785352872053,2569683407,1329,478,7331,7812,1637161913566485427,-4048877670897993444,2500,4,false
1649785352873688,651523106,3569,29,5972,71766,6264553423874189975,-8653568134431079241,4227,6,false
1649785352873047,433528599,2093,273,7523,76257,1393617428275011338,-3108434012473922266,6351,5,false
1649785352873369,1995538568,1747,369,1578,83663,-6904710138390033275,-4625340987753700060,8031,3,false
1649785352873995,1354047412,2600,826,4881,90185,4369708558343878349,-8070748338256726916,6214,5,false
1649785352874787,3525147301,3409,491,7644,11924,5978150608248885239,4620926764442304646,4232,4,false
1649785352874408,2885982917,355,707,1128,38420,8229854621010914178,3358217257545895770,4723,6,false
1649785352875856,450976132,4719,327,7230,22974,-1653822883139748618,9099907786723344763,9207,4,false
1649785352875088,483382518,4681,985,3621,26909,-6231011744613653418,7362301614066592223,4871,3,false
1649785352875396,2194308683,3539,921,328,87950,-8735900529940219588,4142630033904638144,8934,1,false
1649785352876643,2092290000,2970,635,971,2289,-2494335276047035928,2945352549728606226,5785,2,false
1649785352876216,3244890015,2275,942,3120,3023,8208214104547487804,1238031328244028222,8928,1,false
1649785352877417,685224130,2749,325,4112,68434,5937206654086250791,108977368161335878,6566,1,false
1649785352877061,745755980,4283,149,3570,46433,8747513945911178987,7131454264738460485,9276,4,false
1649785352877759,674044724,2761,599,4529,71810,913846812811480551,3687295529108080688,4650,6,false
1649785352878636,1227177583,636,481,8278,50884,-9035035158125722627,-9189932823131579402,7763,3,false
1649785352878934,657982310,2116,81,4653,35599,987967240926724595,9157539888257949968,9391,6,false
1649785352878144,523465997,4379,275,1899,47815,3238377372810561135,-6402528931169747187,4188,6,false
1649785352879957,3065113247,2653,821,793,55250,3995555212122081852,-363606974411648490,5799,6,false
1649785352879382,833888545,2689,472,854,88589,2858573141762949711,7435407503101666349,6309,4,false
1649785352880550,3014782994,3989,23,7387,17102,-6548932311941707253,-2646997252244667285,1075,6,false
1649785352881536,3878166302,4692,665,9198,76134,-784593926810980523,-1146788902604615736,4090,5,false
1649785352882643,1645947638,2198,996,9986,56641,5266360899075445502,-8439114822395170688,3815,2,false
1649785352883932,3211123592,1531,264,3903,86831,8612500746081543897,3585879161677502650,1302,3,false
1649785352883058,3211809552,4958,228,2791,66882,6789431759610725036,-413579779111744418,3698,5,false
1649785352883367,2207985879,384,534,6674,51428,-6659135383002087137,-5433166252687686799,8140,6,false
1649785352884316,4075204885,4068,579,5649,79325,1342338453613751300,5376118760998701303,3114,6,false
1649785352884638,3112729027,3931,332,5729,62632,164188179271732573,7028166860496328963,9794,3,false
1649785352885507,77095435,3283,255,2526,11452,-3604080769958070567,-1515467302418568535,9334,4,false
1649785352885956,1715882351,156,717,2365,29932,-4755324780309054799,-2486761376806577141,1192,4,false
1649785352885157,440924428,1016,785,4932,2719,-3442385390286320124,-1247714887049785188,6321,6,false
1649785352886620,3523127594,912,891,6674,20223,-8892666190940216486,-2921650902942339914,7147,6,false
1649785352886942,571988384,2505,979,8792,25265,-3006625243870772441,-7406808015781671657,7266,6,false
1649785352886263,1083682987,1721,354,2283,51648,-3640422731689505143,95657641601426350,9389,6,false
1649785352887540,1284922665,3618,265,7837,52148,-6952052241235032428,2203254505480667369,2672,3,false
1649785352887899,303346387,3587,406,7080,75643,5141809566349941383,7120564423458246809,7895,6,false
1649785352887242,1491543297,3246,136,9567,74150,-6981468351311379865,-5293638285911403841,5817,6,false
1649785352888197,4227517567,1154,981,3834,62761,-7045342765386719058,-1015877079630738957,7462,3,false
1649785352888513,785893997,1063,663,6413,74253,-5048169161342581045,-4604854037180081541,8788,5,false
1649785352888882,2882403634,4052,627,9568,30378,1133130507016659068,6812137859104576760,5018,3,false
1649785352889667,1151762913,4966,818,420,86083,-3836660933884584508,4357518249705564128,1233,4,false
1649785352889225,2384640471,4700,956,7998,55864,5258672761603040178,5766374743265323315,5423,5,false
1649785352890415,411646725,2537,992,6610,39392,5208961299106137725,2811082889067405106,5957,1,false
1649785352890121,1599164350,3755,638,4950,32641,8094391428268605532,-3612921182434320420,6157,5,false
1649785352890790,2469677467,214,985,8193,97656,3987167865782276252,-2899544682462663601,7747,2,false
1649785352891467,3592616551,339,120,4324,94619,-2598667141927833021,7526705633434807215,7570,4,false
1649785352891894,843208973,268,987,214,59764,5470296243940559295,-2477519387881866904,2197,1,false
1649785352891095,918414834,4992,65,847,85796,1547549702637989267,4762026365861856173,9627,3,false
1649785352892633,1630301056,1317,33,7004,2325,927336412552002520,-4200166156473101087,4231,6,false
1649785352892969,2619754387,3779,366,8877,40408,4046107512982406581,8976733713764982422,2729,1,false
1649785352892263,3925344697,76,555,9522,38523,-4864317909911278173,-6267149567657842069,4598,2,false
1649785352893652,917949037,3499,307,2743,37528,549657210301523445,8463887829995365574,1735,6,false
1649785352893951,1969191607,1333,417,3073,38088,-832382785958712403,-3846748139913503963,4135,6,false
1649785352893317,330026484,3548,257,6105,75593,-3434845918613453541,4557552786082588501,2492,6,false
1649785352894514,1509412662,1955,559,3337,70777,-6418819430814476083,8412636003574164070,7601,1,false
1649785352894942,1938886284,4497,585,4253,8702,-756234892735295719,-7118042296363958243,3379,3,false
1649785352895327,1120867984,3157,241,7653,1475,-5019679302600673474,3177027492810484705,4333,6,false
1649785352895715,3314801832,4102,308,9764,33568,5621777794386562522,1373959268229553495,2111,3,false
1649785352896134,2029662899,4060,937,8555,48533,9142466252691374126,2106730101013099813,5619,3,false
1649785352896779,2022931936,4493,389,4247,1164,-5198209246247477808,-6803065088330868937,8248,1,false
1649785352896454,3424765022,623,373,9611,94530,8271847040503412881,-1438606765235260320,6466,4,false
1649785352897085,31953268,4151,674,9883,72456,-1454795843872853604,426755211865288150,3781,2,false
1649785352897508,2587000863,607,704,339,90072,-149667674734713074,-7498129751932367651,1132,2,false
1649785352897924,3113408557,1207,111,7944,29335,-7693312003301168194,-204305413126230690,9900,5,false
1649785352898750,3486254933,4876,732,9815,40803,7881470171359935611,8616497068701455810,4885,3,false
1649785352898274,3334483190,4716,971,8010,3289,-7036979148854439198,-1005406950991962555,8193,5,false
1649785352899465,2251931593,1582,761,5999,51553,-4155830355406307003,-5314129642422450800,1082,6,false
1649785352899119,3859328858,3172,691,6122,61982,-1057683558514692899,6053209615824495931,8359,4,false
1649785352900490,1635791300,4161,146,8233,40604,-1746342993993834529,-3087161380867348778,8260,3,false
1649785352900159,2745806369,4922,972,288,21190,3642940556934303511,-4950564422957823337,8054,2,false
1649785352900820,1571994822,3893,958,976,65131,5580831505862245747,4831717408973860246,2010,6,false
1649785352901524,3075698002,3763,589,3963,26500,-7135427565026025393,518941886086104467,4304,1,false
1649785352901850,3694447230,138,771,4091,23369,2696397565799787372,633194521009964928,2753,6,false
1649785352901172,2509137515,1690,827,4931,22022,-7114350399907199877,-5636328115123771373,6188,4,false
1649785352902353,230000174,313,962,1007,20815,-1378872405453594531,1595795652040965164,6861,6,false
1649785352902717,2472277482,2710,345,7179,81329,6089834723108028906,6257957460299437979,7551,2,false
1649785352903957,1304214581,3371,767,9380,71691,4813155066736112446,-8302491319380626450,7677,5,false
1649785352903212,2584931356,299,78,4533,58516,11562614254172958,109034385737667069,8718,4,false
1649785352903541,1932940374,1503,11,1669,95538,-7937990402095486642,1560900789055904340,7544,6,false
1649785352904660,2575701217,4768,885,3883,6944,-2439546954666103358,-1456340292507886322,8570,2,false
1649785352904298,1973318805,3972,772,8491,49590,-5818621637219717567,-1891366040842478961,7582,5,false
1649785352904993,313872970,4348,355,4084,19155,-1337927327881506166,7125108529016470915,4429,2,false
1649785352905329,2893152763,1388,329,343,81944,-1724640738644787300,-5054676219087402969,8213,6,false
1649785352905638,3498484819,828,766,2160,48869,-5798108453194052132,-9068744702182447756,7950,6,false
1649785352905963,2693816108,2095,990,8694,47905,-6938564397963908702,-2031509223066370577,9422,2,false
1649785352906282,692753491,4657,327,4684,1180,-7929899416083521415,106514693038487324,6855,1,false
1649785352906731,323575280,2149,533,9966,53863,7471932282016154922,300885598167269964,4164,3,false
1649785352907436,602312657,807,470,4298,44010,646418549221965358,-2105249732115833631,6828,2,false
1649785352907075,1701548379,3087,500,3720,4248,3214083800821678152,-4405359948461209507,6041,4,false
1649785352907915,1149620906,2825,842,7508,97702,-5136268500532789569,596137428875663652,3577,5,false
1649785352908922,383780390,2636,397,8781,76111,8325069050337766851,3508728661566879424,9937,2,false
1649785352908602,2430066970,3200,315,2210,58455,-3949624101322976333,-846544587801046594,3074,5,false
1649785352908306,211607481,1657,284,7314,42464,6838783348141964872,5260295204653632798,5715,2,false
1649785352909891,2908409563,1574,297,6539,86197,-6216853579608386117,145934420569912538,4907,4,false
1649785352909226,1973110780,1883,686,2191,78945,-126591917700418386,-3063252511197845946,1389,6,false
1649785352909554,448199835,4375,420,6904,5066,-7724259824465669357,6012247184718224788,4165,2,false
1649785352910526,114455682,2986,867,3020,86419,-31673358627893662,2000886341112819270,9894,2,false
1649785352910862,183075935,890,195,5673,76582,-2512329009863574944,3047789922955912680,1648,4,false
1649785352910215,1118816055,1804,33,7884,48486,-7400445522814957551,9102397103151160794,2228,3,false
1649785352911163,1633169359,70,627,2704,67202,-736787386240103029,-5155787782298430550,3648,6,false
1649785352911915,688645556,3927,885,4763,65849,7490596839432613581,-5402523213888066017,5806,3,false
1649785352911494,1264392541,3017,145,9914,76584,-8864124380737437993,7306030789092878710,2515,5,false
1649785352912884,2554676087,4685,942,6448,87535,2075463638520437163,-3145991877342935240,9536,5,false
1649785352912534,3809808442,627,546,5321,39759,8997592198406348853,-8093014853515273701,5181,4,false
1649785352912236,730839601,426,354,9178,78906,-8097152633423898249,2540795518460819268,5746,2,false
1649785352913629,395194032,2929,459,7436,13104,3566343187546386909,-3307997406182310658,9120,2,false
1649785352913278,266715520,1362,404,8520,25241,-5291723488571282683,7604742637425586711,2992,3,false
1649785352914340,204756511,2767,711,1177,85595,3649730289657186868,1322035862682531325,3936,2,false
1649785352914006,1148398999,2346,69,9148,93289,-758691577834121353,-6127630207646942510,4034,4,false
1649785352914673,3116922088,2963,622,1462,10257,-3521136658753250006,4723086664974899669,1117,1,false
1649785352915037,3187100856,4322,199,2662,56936,-8041399689977981651,-8990397755850050205,7381,1,false
1649785352915427,964111173,2056,791,3310,40229,-336456966244133167,-7365760891356730282,5323,1,false
1649785352915943,3643476186,4943,416,5950,92434,5144441966927901436,-3349594968433749786,8142,2,false
1649785352916503,1251213607,3345,623,4491,71580,6499436155593494657,347129385435261958,6262,4,false
1649785352917310,4116885136,2075,566,167,71625,8250405931648216651,-3014770998870581637,2406,5,false
1649785352918605,3684723236,2539,542,991,31798,3465253818399789719,-6907242746443837502,9895,3,false
1649785352918923,2806420206,1008,685,6486,80368,-5320924631564320713,5196413116444533953,2999,2,false
1649785352918133,851910666,1901,694,5902,9221,-6102584107566634469,-7370990755853212892,2109,3,false
1649785352919552,1655154250,4229,39,2853,90579,-6723258576887541703,2973609574128270167,2098,3,false
1649785352919240,3822426490,2142,528,7875,18914,-9009959198197209843,-4470758880825433025,3368,4,false
1649785352920588,2546334594,2355,899,7498,50899,8419212129839208434,3367538175920068281,3135,4,false
1649785352920248,2602508223,4141,583,3824,70312,-979387843263427375,3195566112655964206,5337,6,false
1649785352921087,3275066979,3921,128,2142,14462,274218303166539968,-6743409520224610254,3496,1,false
1649785352921735,516261744,342,491,4611,29380,7511768798190158135,-421226166847069437,3237,2,false
1649785352921398,1099687525,2505,250,3454,88809,-2499428304870042358,2121895844643306753,3748,4,false
1649785352922052,2068253473,3845,673,6889,16389,8133350429989643057,6563832623778306812,2445,5,false
1649785352922461,1760717307,361,656,3409,93894,2688980186146255423,-3918593858797837635,7794,6,false
1649785352922826,2641036899,1117,819,6691,58949,-8607212259103658802,1384981725252724223,2036,3,false
1649785352923170,2019576462,1650,927,5432,7360,886983084273503428,7057736734576461439,6916,6,false
1649785352923555,2938510884,3632,107,1789,39028,-1320772938536369335,3105540785640942598,8820,1,false
1649785352924447,1404247948,1890,385,8724,90603,-6189265892522083359,4733695807095059685,4064,5,false
1649785352924924,3739537295,380,113,6476,55330,-1538847354122067982,5763251927132995571,9305,1,false
1649785352925867,1273672988,3392,177,6427,73886,8990853820197769202,-4056602552233562082,9280,6,false
1649785352925253,581021283,4055,11,4036,62051,468376829516818797,-3527198817873078864,6317,5,false
1649785352925539,2373856173,2219,73,2165,83511,-5675600045773331657,4314125761497501621,6219,1,false
1649785352926527,1551777457,1326,729,4624,90499,5949422359445550303,7506691448202732937,8670,1,false
1649785352926201,2780729071,2837,190,6640,47081,5618158675750956256,-8383454862647994829,5018,3,false
1649785352926816,3305639202,3581,914,1141,26629,6126244349637904062,2092150039983278214,7579,2,false
1649785352927442,3882877336,838,246,1042,66105,5862916937567991738,-5818860188496028600,7394,3,false
1649785352927122,3745219021,1580,722,2357,73764,-710490398482388759,1703339017116681369,6394,1,false
1649785352928090,469809126,2619,254,5849,71525,8275696193431372147,3752166800925684075,4345,4,false
1649785352928686,309224070,1235,309,1886,49616,-4370983211496399302,-791726601204792979,2599,5,false
1649785352929042,781639789,2125,343,332,10918,-1530279494123859047,3906162895491172223,6818,1,false
1649785352929996,824824784,4739,554,2855,11021,-923614166345906371,3738676327300606923,2953,2,false
1649785352929333,1567438456,457,564,9317,74787,-5824082110426180889,2436025122573373388,8796,3,false
1649785352929660,3957726373,2370,420,9714,81581,-5959519306432204095,8410956843702023051,2316,5,false
1649785352930711,1108305665,4487,387,680,66545,-886596362942331186,5186957586217987168,4574,4,false
1649785352930409,1796063599,1854,53,7394,19614,-8341600067427076341,8956509184438821892,7082,2,false
1649785352931014,779435388,610,767,4309,49896,8118399903793326221,-7242912087877446361,2329,6,false
1649785352931296,221043570,1443,962,6007,80765,2826818116377042110,4814735397532596078,6480,6,false
1649785352931902,2088785230,4583,571,6428,79400,8244257579740590755,-2328892538304102434,5640,4,false
1649785352932909,1608264734,3850,995,996,43514,4322479679572830456,-5545496382988200992,6602,2,false
1649785352932537,2849050969,4800,450,134,53806,-3606207041812269648,-163004968234112380,6162,5,false
1649785352933259,4013943446,2986,383,3531,69752,-1489017616470985128,5811401445889254380,7399,4,false
1649785352933694,25183170,1137,289,8537,53378,-2892961808418531344,7273558842084821370,4064,5,false
1649785352934865,2272740629,315,102,9506,3053,-2985446323297758273,9077545212094307352,6441,6,false
1649785352934129,1999046809,4440,224,2910,40583,8051028304377612082,-6032483118436172575,7478,1,false
1649785352934562,450367866,394,137,6146,94743,3352842996533349203,-2151700587311806307,8399,3,false
1649785352935456,3842346271,1214,540,1861,58527,-5356780104536127519,1521115959720698814,4521,2,false
1649785352935173,3185615886,4565,917,3275,60399,233597958758497982,1020126413176405313,7522,2,false
1649785352935906,713786779,1168,585,228,10863,-7038709659639772604,7333067991909074520,5200,4,false
1649785352936548,2251177739,1028,685,8293,94372,-6335869352298974555,-2061147141880267050,7672,3,false
1649785352936833,1416431799,289,948,2804,95858,-7295088284179555370,5814655120194740852,6872,2,false
1649785352936254,1550760264,4278,266,6714,630,-6674670407740887267,2953701825374648839,2720,5,false
1649785352937177,3479332129,3185,633,5181,43026,7467723094809189586,2666874196612722639,4667,4,false
1649785352937491,1588754523,808,155,6912,61797,907662157362117868,8687470633455591820,2587,6,false
1649785352937768,59990871,981,950,7504,76998,-4198252966043923736,-3043258705766027966,9050,1,false
1649785352938722,63435529,770,345,1242,30763,-90728220053940132,-3145352373207361713,8029,3,false
1649785352938398,795151012,3344,747,505,45396,1489307818538257418,-3022998823999546760,1332,5,false
1649785352938084,3215253925,3909,305,8228,13793,1468502962109309590,-8096680655891019685,1584,2,false
1649785352939849,815235038,4864,635,6770,37176,1216458178672956652,-8263656404204097604,1474,4,false
1649785352939003,4016928788,4121,85,1142,20742,204118336104077207,-157045233434405637,1163,1,false
1649785352939276,2688953005,2028,239,518,40191,6219610428129808896,5329734264334709292,6739,3,false
1649785352940711,1012415465,3632,502,1241,55320,2950690031965419761,1545439591636421902,4385,4,false
1649785352940356,3176834736,3408,116,714,10420,7808900341518205836,8521196206680760156,4736,6,false
1649785352941900,2446304762,3280,942,6415,10683,-6045968759036942350,-5899060337657702344,5333,4,false
1649785352941114,2416596424,3751,100,4778,26323,-8559102676443405569,-1263383506742305352,3354,1,false
1649785352941513,4116721613,4837,535,9391,15132,-5874035201613746139,3219007673936524777,6228,1,false
1649785352942221,2353599505,405,674,1354,72133,-3546113644362335839,-3190326132294718801,7804,6,false
1649785352942654,2266292482,300,756,3573,45582,-5911074392940895083,-5960215582985754124,5709,5,false
1649785352942984,747519613,765,41,8977,77093,8087131974036860178,-8737086309581196,5750,5,false
1649785352943375,4239471627,3950,640,5530,21659,-8840881960578935700,611630556149299627,6728,1,false
1649785352943934,3862936710,3158,861,9201,16314,3832004899441781057,2238643188522093676,9306,5,false
1649785352944726,585356650,3823,916,3118,75712,-6435718111986078405,4685503041512555956,2034,4,false
1649785352944333,981065758,2597,922,1556,35992,-8634411039913252054,8904906703982849717,4514,1,false
1649785352945581,81021376,2240,322,5356,87834,-5201998039438971922,-2754869406088837669,5354,1,false
1649785352945123,3706812396,1877,197,8658,78009,-7752378612971323422,-8281927899354750314,8770,2,false
1649785352946897,1892194217,2362,488,8563,73441,6524979531555529041,-9190853686125392783,1017,6,false
1649785352946174,3619944542,1647,518,9071,10027,1487234033817780015,-8329165430221655868,6493,1,false
1649785352947594,1473210785,4832,207,5136,20590,1639357959426344387,6243503087202926781,7165,6,false
1649785352948820,952624167,1089,751,3975,67079,-4633971268828005564,-3332766162793703250,5451,3,false
1649785352949552,1310297735,2804,689,1775,28960,-4014901748820525029,-4210382324540747442,7731,1,false
1649785352950288,2981248129,4933,545,1505,65815,-7008626649687062818,-5359884161605601200,8446,3,false
1649785352950678,3262019473,2831,532,7455,34470,3088615088942977028,-6806440809206067193,5005,3,false
1649785352951403,2420282537,4879,241,2658,98130,-3317981231881111803,-7913769810498243748,1928,6,false
1649785352951038,558486254,2136,413,4909,95986,-4521145688212605843,532649463704963661,8398,6,false
1649785352952036,825127666,4018,76,1818,20376,7860720439818300366,5086446256792199032,2496,2,false
1649785352953161,3443259895,1839,381,5364,502,7118316474069806664,4174215998210178161,4452,1,false
1649785352953631,767290787,1612,809,329,87700,-1818261764652222360,444548598870344129,6397,6,false
1649785352954531,4162683960,1568,404,9983,90826,-6555138045941663232,5603397684065330782,1618,6,false
1649785352954953,1021161690,2176,301,1134,35707,54726917754471788,-3054232721822129182,5112,3,false
1649785352954062,1618495686,4162,804,4668,8760,-7350353981468024557,5597656372033966162,4477,5,false
1649785352955278,950286219,834,917,8283,83377,-8965618836636656676,1957937034773166355,4810,3,false
1649785352955857,1568200373,3287,808,7506,72329,-9086860598759059498,9040862974358499655,8166,6,false
1649785352956740,3604386035,1888,708,5236,86190,2461914903813613583,-1399783217421681055,1105,4,false
1649785352956427,4101050487,4606,7,5761,58076,2438923572530691536,1306221149675474622,2060,4,false
1649785352957417,634631249,473,774,5710,83350,-5081010253637214812,-2838752734723991138,9839,5,false
1649785352957766,370744537,970,918,8018,7698,5037358390457397063,1415481321298252948,8177,3,false
1649785352957067,3670578413,4015,363,994,39208,-8806803996843513573,5706882489058324731,7856,1,false
1649785352958150,352952743,4112,153,3126,26054,-7117263189473270303,6598647600470761520,3113,6,false
1649785352958623,385661444,158,808,5889,56826,-8829684083189584150,-5718340878123726706,9144,3,false
1649785352959059,1645445702,365,618,2751,42976,6015693567524069557,4498511866134666270,4261,1,false
1649785352959517,1275112490,4932,511,7919,60695,2744239209311728528,-5398887829724266735,3088,1,false
1649785352960083,2134699097,839,13,1671,86573,5382265944112274976,-3854219809067088944,6829,6,false
1649785352960569,3733554706,1577,685,2244,62086,8809285733332366811,-4516739097721315597,4397,3,false
1649785352960979,1303824429,2649,184,1459,81432,2885481836629801574,7320754957115936254,5422,4,false
1649785352961785,3426156286,3502,369,862,32272,-8373920505206206569,-2490345318722580179,1658,3,false
1649785352961315,3033455980,4478,67,1853,98265,-8288756966322807378,-1779971030574887301,7658,4,false
1649785352962950,4138530798,3982,785,2224,21385,4128689787523476912,6150812271580352195,9469,1,false
1649785352962485,2159025312,621,372,7755,87750,-83927129872040912,-3416139498659089818,1434,5,false
1649785352962104,3036659274,899,466,4408,1443,7569815826363975591,-4215038481324648790,2575,4,false
1649785352963264,532914748,2628,404,9393,8949,1802124013782409680,-6960755616922538134,3336,2,false
1649785352963631,2465723834,3761,314,8855,55743,-5568836168489899426,4988988134984258701,3630,3,false
1649785352964179,3176708264,3707,413,6790,41758,-6974198241416281352,-3893947001118709752,6797,3,false
1649785352964748,2567200833,4433,341,9722,85317,4938774334088738888,-4868222097931071915,3004,3,false
1649785352965119,1931386186,1708,432,7902,3736,1876173915717120506,2785058530988820609,2448,5,false
1649785352965470,3065544216,4031,38,5099,80886,4633600873510231201,1103052932976487600,8837,4,false
1649785352965809,2171279402,2457,595,1511,91312,-6784309488845638735,6231629642621604155,3906,4,false
1649785352966986,2010006899,4465,186,8341,15051,175262154294304837,-2952653790029232824,8888,2,false
1649785352966287,775873608,188,341,8661,46831,7072662579355271865,-2972711155630477730,6140,4,false
1649785352966635,3609818390,921,629,3349,31367,-5988616676678428102,940849639399929374,7313,6,false
1649785352967993,3370022525,1559,725,1728,62323,-5298560360573345387,2243439744027951422,4107,1,false
1649785352967376,2395140576,4409,380,6367,6615,7434192448213770227,-6408729295367272340,7856,3,false
1649785352968950,2417073183,4810,585,3740,98870,-8700467919900153405,7056435955220264761,6668,3,false
1649785352968617,243138804,3205,821,7832,7341,7152314669014382908,1688749834187456483,3256,6,false
1649785352968334,3277256372,597,332,8237,37019,5427460888221655618,4364269630492627423,3218,2,false
1649785352969938,690940091,342,671,2044,72391,-8507575909549974134,5010619949094145876,6503,6,false
1649785352969245,3576624666,1972,545,5906,38918,-6183574932017385645,5853608037135181059,8674,4,false
1649785352969548,4077388827,4923,109,488,48397,8091552259030772480,8691195201042731621,5531,6,false
1649785352970743,1396769255,4992,539,6243,81091,6055324552814597343,2320486962694544289,3339,2,false
1649785352970360,1732148747,1164,370,1603,85923,7662146384667354444,-9009043039719056658,4172,6,false
1649785352971369,3735489033,4583,22,3456,39533,-6464915340370672821,7491200768945596623,3738,5,false
1649785352971786,2323753458,4105,927,4075,57019,-2734162631366396358,-3146581618881075539,1501,4,false
1649785352971053,3071659398,636,40,8809,34598,6765079647210254988,-6628479163191610793,3577,5,false
1649785352972570,1527986703,1831,36,8719,38599,6060804904330047431,2767285224152474425,8954,3,false
1649785352972874,2066743281,571,149,4233,7721,-3992274633653269668,3931966055078835436,8776,1,false
1649785352972245,3673832744,1394,448,735,88704,2564680394070699216,-8119903920080680426,5751,4,false
1649785352973898,873039865,3824,684,7885,54596,-6057842781074480509,6940354786089814221,6862,6,false
1649785352973172,2031513442,2644,967,2325,39821,-8959915255528061676,-7366797924173674690,9174,3,false
1649785352973532,2320848105,3307,255,7013,33161,2178593379922134543,3167789697922863912,9026,2,false
1649785352974935,3745477967,734,918,7708,77612,-6957096267917914832,7643979951456832551,5200,1,false
1649785352974593,2295054494,1904,734,7481,13593,-1364967927330243012,8426672156208983849,1995,2,false
1649785352974227,3279268204,4212,195,1773,34840,4548650631530125534,9062466433971332413,5227,2,false
1649785352975361,557209924,3698,527,5271,62275,-7569719740934866802,4970849291832732979,8956,2,false
1649785352975845,3832447365,549,11,6955,88126,9154315201096191628,-6058782872415921802,4870,3,false
1649785352976335,1662842369,51,153,394,26404,-8056168571965881347,8039796787818137406,8337,6,false
1649785352976681,2743011692,4255,516,3014,23637,-3646343714304260794,-7216095861694898718,9771,6,false
1649785352977937,4168546209,2560,773,6194,97843,900708154127091090,-1844498353693606046,9595,4,false
1649785352977245,906514528,285,75,7514,7552,6205284266726370996,-8473245655966173281,1731,1,false
1649785352977602,755383708,1477,437,3691,53187,-4519602699497346716,-8338576859058150730,6400,3,false
1649785352978604,2186174463,4033,574,8482,13320,-8766937628649969416,5771164882287591428,7019,2,false
1649785352978912,360738918,2239,86,3394,22447,-4726792356363317064,4396169623678866791,7159,6,false
1649785352978254,2045829618,1446,421,9485,12150,-5602391930122042736,6157534109516171616,4655,6,false
1649785352979441,4237105915,1370,677,2379,17620,-328888160182836730,-3731455122587844958,9457,2,false
1649785352980773,3918795333,4079,399,7618,82842,-5533119804710520878,461775372574335269,6375,3,false
1649785352980169,1776958845,1404,335,7774,67859,-6792054956392695758,2414892895160829458,3182,4,false
1649785352981288,2943148174,3540,791,107,75846,-8246198371619978393,-2737830621699358636,8979,2,false
1649785352981766,1789950723,4,391,5867,96223,8512076546315944716,5482311026472580601,6514,4,false
1649785352982628,1174289989,1690,976,3283,91122,5622049998615729447,-2862124348377433383,8539,5,false
1649785352982215,3595205593,4706,199,467,97618,7045547960148816681,5162079883464096138,8738,1,false
1649785352983619,3308657905,1118,786,3808,23795,-3198529462953363824,6744225600442996362,6164,1,false
1649785352983136,3481129928,1171,401,5630,45338,8689904418334668325,7304463413949890323,3598,4,false
1649785352984476,1717243299,806,552,254,76257,-2640360320676697967,6240558181523076711,2005,3,false
1649785352985037,3493284041,4024,801,3428,63949,-1642781637786854684,-4568721109924293287,1826,5,false
1649785352985831,1651199116,3375,808,7335,23804,-2023784036920429648,2486061018932610681,8822,6,false
1649785352985463,1636768593,4770,571,1562,79521,-969265149096478,8878998053102188049,4443,2,false
1649785352986171,463529755,1814,851,865,41252,7982316235536650747,-487952498482139112,2524,3,false
1649785352986601,1829317064,3481,369,8931,3271,1403092464607661864,4963745437489596192,8894,3,false
1649785352987108,1788440325,4584,794,9680,31344,-5471517256059434148,-8243352279814108240,5514,6,false
1649785352987567,2333175931,2348,560,1843,7202,-899073587022278861,-3911179761871924755,2824,3,false
1649785352988984,1662552220,1509,678,6694,76505,-515602315601024272,-7849909650906259582,4645,4,false
1649785352988615,3278453539,2611,200,1901,30193,-5691604743463977142,5067041016202122007,9233,1,false
1649785352988222,1754681695,4853,52,2601,2917,-5506207908941368695,-992849447000417623,4136,4,false
1649785352989291,3697013199,4804,598,2171,75998,-3282358378841803479,1912042269271826720,5152,3,false
1649785352989608,1676034051,2088,466,5343,68716,2650931487761702168,6962993834515870508,7605,6,false
1649785352989948,1162964595,100,221,4370,22134,-4644872813842043165,6254357917127977759,2626,1,false
1649785352990245,984524969,379,52,3796,8542,5374367960739997939,-6642883927881274864,3799,4,false
1649785352990669,296390355,2099,249,6895,94174,7743970828539104622,-8208255430072500226,1252,3,false
1649785352991044,1357868247,974,651,5385,48171,-6085728693055094758,-4392158150317194503,6782,2,false
1649785352991397,2025775922,2369,385,2025,68220,-247361946740020423,8042281763166178577,5754,4,false
1649785352992744,3189542461,2394,723,6835,96727,-7131077564856172811,1987049908671382707,4916,6,false
1649785352992104,851133415,4562,750,9745,24902,4943606464265096618,-3140876948158802165,2683,1,false
1649785352993970,3966983389,1837,957,8437,42470,8494434749687238506,8460005646800968673,7624,3,false
1649785352993636,1808588932,1790,357,8485,70990,124586496468750211,5638929401751689040,1033,1,false
1649785352993290,250895000,4869,834,3866,66008,-5342859871827676645,8919559952478181558,3558,6,false
1649785352994986,929713424,162,513,4743,63071,8022391172371365201,2006282927782331092,7290,3,false
1649785352994307,1153757106,4751,74,3103,6881,4052356825184227770,-7407103815503116956,3538,4,false
1649785352994628,3765883861,2365,548,2099,15411,2155947250295159641,-6171252037355312882,2453,1,false
1649785352995766,219836323,2889,232,8608,73938,-5337550026378777900,-4676781603330654148,1095,6,false
1649785352995317,2337288902,2990,255,913,20356,-8660915584574144952,6228472212092284786,2596,6,false
1649785352996612,2669728662,149,909,3179,88639,193573954713307971,-6738558794451764941,6097,4,false
1649785352997583,3160554126,2844,260,5255,7402,7590221852127300169,-810490314835577106,8632,2,false
1649785352997218,1525367064,3573,992,5471,80149,-3836285698822738383,1999713755044405794,4907,5,false
1649785352998061,642304115,3277,137,1947,23182,-5652109718917675005,-2800365643277148127,8042,4,false
1649785352998467,58733742,3220,965,9941,53383,-5172988690489882237,-5063382395109636405,8234,1,false
1649785352998793,2549500535,1078,847,7515,51642,6970750423554756018,-3880915723875339947,7876,3,false
1649785352999555,2479205178,3124,806,1748,25785,678100876750800308,-6252677827581181118,9219,6,false
1649785352999188,3330416553,4765,460,5399,31766,944578301160424477,-4054317429368197793,5408,5,false
1649785353000695,1115257270,1457,864,1803,12113,-9217629445994539898,-4834386208195285695,7950,1,false
1649785353001202,1194186924,3068,944,7844,44042,8836338454405272043,8002885471415664996,2817,1,false
1649785353001834,836371034,3009,633,2334,74988,5018160920886428618,-7467672630551969038,5917,1,false
1649785353002188,4250369357,3088,16,1620,80451,-7770647815198673545,1663529978513324104,3931,3,false
1649785353002507,1423495334,3892,881,8722,51961,-5740288479039096694,8104902056226791656,5850,5,false
1649785353002848,308065181,2588,714,213,77765,8449519762119214547,-8418791637486535180,2151,4,false
1649785353003198,1451521454,933,948,6065,19991,-5365214051550849504,-3513728604484704653,2036,6,false
1649785353003519,4207896712,3156,248,7798,2130,6657069081374801145,-3999448709310299922,5959,5,false
1649785353003853,3735022172,214,250,965,93015,8301873824927631165,-2862694424418960374,9125,3,false
1649785353004907,3935678850,3336,458,1068,93444,-5978398605963605494,-3321630393092042130,9252,4,false
1649785353004176,1213223545,2356,708,5099,16231,-6918554699401429285,-4996094316910532493,4156,2,false
1649785353004555,1979290081,4947,431,4261,29987,-5074515748919516968,2368820292263530631,7744,2,false
1649785353005250,2516362913,1959,451,7915,22798,-5071364783316671791,-7203883012931308894,8937,2,false
1649785353005589,977280683,1648,365,7491,31546,-7132956741658059174,5477739113051649934,9992,3,false
1649785353005960,445910514,4515,420,8872,68243,-4442083206870406905,5700430021762395595,1398,6,false
1649785353006583,3100533062,2970,472,5804,89085,-8227491516704308987,8077151185529864438,1431,1,false
1649785353006905,840234518,218,219,956,59981,8661034878898484808,-79151102761318364,2753,5,false
1649785353006273,1879057902,2900,635,7866,97374,-3420311019848315222,7530150888516284902,7614,2,false
1649785353007262,570484914,1725,494,611,96233,-3110073431405039174,3209942588150603479,7595,5,false
1649785353007683,2610041089,1983,24,3798,97730,-6454280252899223680,8376126439526428413,5331,2,false
1649785353008104,2030529547,1436,540,1109,48730,1184874539486260063,-8790508667535307260,4335,6,false
1649785353008456,2971745953,4048,921,4167,19272,-4542198836529547026,7787731975839343619,3407,4,false
1649785353008829,2584963900,580,630,4377,81511,6717006715027219227,4269700623988841820,9829,4,false
1649785353009345,2548002652,3217,168,4815,8753,1649824401815550439,5012790335235711533,7624,4,false
1649785353009729,3022025512,598,261,4540,66849,-2283234185160033993,1005362526744654339,6926,1,false
1649785353010906,682613895,2021,969,1688,92922,-5615905346765855818,6252953380998831502,2862,1,false
1649785353010545,2667726075,4855,457,4180,28130,-5727630767814495332,-1146415663207933328,3182,5,false
1649785353010106,556403216,2134,60,9032,610,-3179533760808627316,1444506970758768984,8981,3,false
1649785353011760,2638356169,2265,727,8498,23786,-2181641680044000685,5899850719730940576,1540,6,false
1649785353011268,417218162,3242,441,1700,52179,8143061025347255164,-2202802762897307380,6010,1,false
1649785353012102,3286901516,2635,679,4293,96596,1553804135232360659,575614882069319594,7243,5,false
1649785353012762,499867929,499,907,6298,41242,645802443840336454,3733333139477005952,9056,5,false
1649785353012457,1659743764,3276,99,2251,96226,7823286650115695116,-3067915632558594156,9035,6,false
1649785353013151,2385850782,4747,416,6254,80988,-6417268309137035865,-3611456959149929451,1752,3,false
1649785353013462,2974468997,2751,881,1109,20189,-7745207557487480367,3838217425699616413,2997,2,false
1649785353013834,2460102014,3665,808,7779,39540,7078888787691961941,3835329399184095888,9045,5,false
1649785353014225,2257949549,4221,782,6958,20781,-8467009417944694632,7139369303681554754,7298,5,false
1649785353014916,2200657725,4204,429,1595,2579,3643947327620091013,4813095448697820692,1324,1,false
1649785353014572,260688489,2538,268,4977,25336,1086649950111047430,-612176685884909671,3481,5,false
1649785353015979,3076695647,2800,264,4620,85746,-897326695488219274,1296163187351480843,7319,4,false
1649785353015296,448978180,4829,319,8744,36862,841831549424180861,-5919612544448550210,2528,6,false
1649785353017102,2523325273,2676,927,4155,28060,697750333987437647,-8913572651234603396,8939,5,false
1649785353017792,1026125006,1187,386,6258,43976,-2009646708872310302,-3008784223760856272,1174,5,false
1649785353018227,685293993,4487,806,8819,14054,7160612748599428171,4280993331962073816,7900,6,false
1649785353018554,946198160,1204,964,1919,79438,-2726873814011946290,-4351372731728497966,4468,6,false
1649785353019473,3458397450,1858,296,8915,91618,-3015550104960805790,5064209399167865213,4574,1,false
1649785353019121,796136390,4652,695,3861,65679,6632864233627517966,-3704444567841521542,7714,2,false
1649785353020942,1132158327,2359,251,2886,93837,-1193984996692214884,-8581206270183118887,4775,5,false
1649785353020460,1580289987,3481,438,5727,58844,-3035482037340901080,-5021890979327517372,5123,5,false
1649785353020088,1228107186,4268,220,3001,64959,-663820335224360474,-6310308750560466054,8235,6,false
1649785353021995,2555610141,259,366,4125,63556,7139538286365219055,-468248690715788867,7297,4,false
1649785353021367,115434479,80,991,253,93820,-7467197707401766241,-4530380277184716549,8019,3,false
1649785353021686,239631956,2706,228,6279,72780,494212127481685972,-8055202093069725344,3117,6,false
1649785353022685,3882339408,4132,849,9068,39947,-1530193476609273756,1849794115121369425,4823,4,false
1649785353022353,2799435473,299,562,964,10621,309847992993781532,5227420205508982074,4061,1,false
1649785353023740,3679602259,1598,419,5687,47237,-948231878318738390,3754487161016148214,7278,3,false
1649785353023301,3702347964,4028,184,2838,27926,582555877409151089,-327604459424363579,7925,6,false
1649785353023020,3808907704,3725,262,5753,61154,-9042734532246607998,-9053253397268737794,6700,4,false
1649785353024659,2605442122,374,989,9645,12339,5858135141658393745,2303040262305581787,3471,5,false
1649785353024952,2520335901,154,774,7973,20922,9221089347324644599,842076488586869441,4135,2,false
1649785353024069,1121399484,790,163,6699,10937,624027046591114520,2540200566662091829,4371,6,false
1649785353024387,1523633560,4106,90,8683,1642,-716239249162314123,7177678557954068114,6515,5,false
1649785353025229,3706631099,1231,972,2754,41817,-4210430464824631204,7443633556791919221,6744,2,false
1649785353025869,2785354752,4706,680,5565,37721,-1387567847143758339,-2333956240696558511,2252,3,false
1649785353025569,505394807,4706,118,9606,11925,6556649320329787452,-728743385961732773,9596,6,false
1649785353026157,2933641035,2343,145,6987,49373,8012848148351104608,7226687296204309958,9608,4,false
1649785353026526,1999587685,4009,565,3855,70867,-8387172207807420721,-3915990359448630647,1689,6,false
1649785353027001,1332978213,528,549,7682,97147,-3479117085721035452,3526351906659460249,2564,3,false
1649785353027426,2045359321,2129,555,6254,56463,-7478454411848165933,2258065020105854801,5803,3,false
1649785353027837,470956885,4242,407,9564,1878,-1523542931825389373,-2246994685983045547,5061,1,false
1649785353028516,4150542482,3879,424,6228,16187,-8517224497669102622,-9108995221315636649,2023,6,false
1649785353028135,2860577088,4377,759,5449,88784,-2829995872599705181,4284041494782554096,4581,5,false
1649785353028798,2525869728,615,594,740,46806,-7502170739724171788,6071552469464211587,3015,4,false
1649785353029498,2619028888,3812,812,8626,1671,6461111671829330529,6808558184733168975,6462,4,false
1649785353029143,3659811598,2589,712,494,69961,4690011912481857810,-5016646732682555344,4790,5,false
1649785353029818,3211517486,1059,817,6379,78035,9182514107390385113,-2830313302645848982,7613,6,false
1649785353030820,1096420975,4513,171,7950,46091,-1930775005010777696,-901332786408715553,6549,1,false
1649785353030476,665633556,1238,930,3097,62484,6604251410549089754,2026238626726313902,1657,2,false
1649785353030136,2866153896,2961,249,9922,43412,7594198618989666568,3637347564865752578,7523,5,false
1649785353031499,295047503,1162,859,2961,13721,-4747458212531663254,7753727852237405242,7879,4,false
1649785353031930,3077958219,2213,188,8580,34064,6915970415430835096,3187042160024969481,5248,4,false
1649785353031163,3324237262,2493,819,9528,37035,2794476616817207576,5188725083349266143,7336,4,false
1649785353032762,2221324030,1159,606,5473,11962,-3329654519501261533,-1244380091068821098,2400,4,false
1649785353032346,1875635721,3646,678,1996,3261,-2360116623672944864,-126700541933120554,7714,1,false
1649785353033401,3839434098,2788,353,4951,90199,-1794739045245424557,5638967895318216695,5547,6,false
1649785353033105,3195655902,2009,87,5827,95698,-8342845747047291006,-3667473993513425197,7871,3,false
1649785353033733,616397520,3651,377,5324,85763,-3596789182072865899,-8127812684406842905,3605,6,false
1649785353034786,1432684966,255,492,9613,86017,-5986705328122557500,-2595492177410459012,5631,2,false
1649785353034464,2163830722,1302,96,4001,2649,-8532373643007751757,2668183524932139825,1242,4,false
1649785353034147,1536120423,2197,530,6934,64938,-7316957713588324037,1127225317147870478,1537,3,false
1649785353035984,3128028627,3819,204,3436,86732,1695995106468860774,-3753784106106480616,4936,3,false
1649785353035104,3439898193,407,871,7892,11751,48385497857679069,9020821025217146329,9771,3,false
1649785353035406,3168722062,3409,275,2574,62519,2785612513630890478,-2483933222821485854,7581,2,false
1649785353036982,3738874371,1282,253,3533,62130,-6529903415406369131,-4793980763573458837,8568,4,false
1649785353036652,723833153,4404,282,5626,21976,5039285836195572689,-3819389797655393591,5851,1,false
1649785353037294,247101126,615,828,257,34186,-9191048098799843539,8830421274463827429,1987,6,false
1649785353037595,3232125120,2734,482,6211,32236,3338634079576521724,-4578416737465952438,9373,4,false
1649785353037931,3077233278,2222,863,963,68599,-5549647582339764865,-2934097552389735303,4453,5,false
1649785353038586,3568153627,3759,518,3119,39372,-3335425330171868351,3901805930100027965,3983,4,false
1649785353038255,3420136899,3164,241,9392,19979,8359268765859942961,2346030201393181563,6569,3,false
1649785353038883,3086809209,2913,200,1272,40887,-5884340386962857295,-5314748064738801348,8613,5,false
1649785353039486,180348220,662,620,2963,45607,5838041418485798016,-1299526487553484306,8098,4,false
1649785353039195,639426263,822,16,6531,23031,-521160927898387340,5888856138919336842,8104,4,false
1649785353039830,2946850283,2041,440,8327,53779,9114895868707141337,3860147245007666181,8236,3,false
1649785353040427,2774193636,3989,395,6527,81879,-3411788266817034525,7024424371890376708,7825,5,false
1649785353040711,4005479379,354,247,9824,49397,4684010036429645909,2896317623586714427,4200,1,false
1649785353040129,169201447,2571,12,953,86698,-7010296428800837649,-5248409738053341749,6317,1,false
1649785353041798,2132387613,853,425,5717,76179,-4240214224200903631,7968021227818230509,2882,3,false
1649785353041395,3399146584,4886,167,1990,92112,4375354096153522243,558619688256228359,2147,2,false
1649785353041033,2041172650,2210,720,4553,13544,-6853186034864042251,-6575959642464304493,3942,4,false
1649785353042101,311293991,1757,761,9452,92131,840937698809414892,-7364870471827625798,9109,4,false
1649785353042435,3887352718,3114,227,670,45896,-1017902072210941289,6450829443827613797,7365,3,false
1649785353042748,101884759,3798,967,8008,44117,-11813124027768513,-6656386707814490252,1151,6,false
1649785353043123,1708103332,3554,815,4661,2030,-1578023612839798540,-2945100141784485252,8813,5,false
1649785353043727,2605627269,153,528,4485,44317,6714327249153582997,-5748488105974211267,6703,6,false
1649785353044290,1932924809,2745,217,7528,31261,-8464954620977964222,-777708344373011231,5800,1,false
1649785353044719,2854570355,4002,38,9909,84551,6432112787277585662,8799190955507587011,5918,4,false
1649785353045034,884773050,3588,336,8810,51161,1691452258321853153,2924226319448781934,7221,4,false
1649785353045646,1139870747,3122,407,3854,55969,475960617851167212,7345545942450247815,2670,6,false
1649785353045339,3713886842,3632,997,3742,44479,804957505659831848,84266902158107236,5181,4,false
1649785353045979,413627892,1800,457,3736,13095,8685189980556514722,-7211761015023753749,8093,5,false
1649785353046292,3060714244,4947,848,8141,88278,-5424285093986046336,4946002210017711311,6537,6,false
1649785353046663,2289201628,353,840,5394,40278,5074659240563221933,-3315940999183731509,3551,6,false
1649785353047965,3220520252,603,720,3994,4307,4839528865679687834,-3696206063127470369,9076,5,false
1649785353047377,4117700613,1899,320,6442,30460,3700475905678825879,4063067156134886505,5533,3,false
1649785353047023,2461694440,4226,952,5577,41571,7822228371283517997,-3871907320742250797,3101,2,false
1649785353048909,274789639,2529,178,5996,31363,-7441317434278090442,7869957600164435811,6472,1,false
1649785353049811,3836410346,1886,340,7892,2818,-5149432281493720374,4822579994685885250,5877,6,false
1649785353049399,1376139694,4297,516,5943,78728,-7875722368110773517,6770394755200958510,9803,3,false
1649785353050625,3891240790,3840,805,7939,90099,5666795249071218574,856479166823035034,1257,4,false
1649785353050209,2524942989,3922,941,833,64619,9132389725732477336,4479830267563324174,9800,6,false
1649785353051378,665844935,651,270,8592,49607,4378791079294155428,385689604854378261,4596,3,false
1649785353051043,1314962143,966,1,4486,68710,344817182663115360,-1657018473759746502,3776,2,false
1649785353052405,3036437789,3160,789,8342,36480,-6424743105425656799,-9176549926499016187,6546,6,false
1649785353052754,3235721025,2063,404,6467,30685,-4247386653954298335,-3397714906385494174,3610,2,false
1649785353052024,770486018,992,675,3895,69456,5900422473616891218,3678169731493258759,8564,2,false
1649785353053185,2883519404,4997,117,4139,36702,4425643852829911299,1133808420179854600,5447,5,false
1649785353053924,2963514048,4126,307,2550,89970,-2732375898311501634,-2728373696544618751,2583,4,false
1649785353053570,2981062276,2530,449,2143,63639,3678783917384583389,6546724453939789915,9074,1,false
1649785353054590,3870961952,2018,746,1681,10630,-8629072625538141660,4456260834396954187,5522,5,false
1649785353054908,2777936050,563,172,5292,23100,3114784061778358454,-4674584560842160910,7633,3,false
1649785353054261,2458029319,2865,1,5481,17609,8914855144093845740,2180371331926050368,7993,1,false
1649785353055254,1161782408,1608,304,6401,10319,2421725642332274263,-5352811699698273954,6253,5,false
1649785353055654,1023774067,4113,102,1379,68273,-8150868108121003118,-5206452531015272068,3419,1,false
1649785353056114,3041923775,2984,90,273,12994,-5281135000762692509,-522044677647831951,4539,4,false
1649785353056888,3977798230,4491,893,450,8969,5293324803264778363,-4312734250110742906,8800,5,false
1649785353056549,2725996914,3176,776,6520,69645,7717837992722538199,-4453049691961254549,7263,5,false
1649785353057239,4140589635,2076,459,2506,91096,-8028401245033740898,8279360176974809350,3402,1,false
1649785353057916,3622917057,3920,588,1844,19806,1047803148318967592,-4802353455760824264,6812,5,false
1649785353057561,3856018088,1282,383,7990,84268,4645317836666854249,-8666946850199288890,2646,2,false
1649785353058305,1687428431,4193,126,6758,41214,-6169505404755060283,7736000191316591815,4293,5,false
1649785353058707,2465164187,160,480,9781,53505,7038750342584555365,-4757279696463119811,1118,3,false
1649785353059651,3513297517,4728,683,1081,7725,-4512764828473457073,-2407026352415121362,3437,5,false
1649785353059972,714475710,4210,311,5669,46113,6981209765519188730,5814123306568512433,4262,4,false
1649785353059015,3911058411,4847,250,2943,11475,-4197545793108442847,180709509393957257,5107,4,false
1649785353059309,155144930,269,300,1514,6510,-22640809248977444,-1861931201429395506,3447,5,false
1649785353060889,1327764032,4304,468,4203,25124,-1704497487689846765,8469128345242210335,2609,6,false
1649785353060262,2479661915,19,265,4915,8451,2079231851849877756,5700763837143543239,7541,4,false
1649785353060566,3029145927,988,634,6098,24590,-6320509226952079967,-4297814759455174717,9715,4,false
1649785353061189,686451600,491,751,2709,73959,334720763531990502,4963796347588475297,1495,3,false
1649785353061955,4080910838,3675,934,6120,18065,-5415061498280716233,8566516716483414764,6053,5,false
1649785353061464,1636565704,1683,230,9369,96580,-8892838774624570787,-7186168109152662446,4615,3,false
1649785353062393,3363369652,732,205,3433,30272,1047107240664670081,-7936349527295340943,7548,4,false
1649785353062705,3791767586,4183,90,2449,18426,6853763133754740266,-5069476180984124583,8697,6,false
1649785353062989,1116450229,617,566,9617,62807,-1159798540575169399,129453482317054569,8729,4,false
1649785353063399,1192151371,2236,944,1623,65114,-1001576665979281091,-4662304201667175080,4439,3,false
1649785353064512,2565794006,3197,578,3946,10774,4508139838556972163,2690110114892334395,4110,4,false
1649785353064010,989822547,3348,560,6590,89691,6630037262288866380,2145322755339607249,6793,1,false
1649785353065802,2884528694,478,244,3933,20539,174370901318073534,-6658880522852863670,8957,5,false
1649785353065300,2956262877,2274,634,4365,52046,2060086082348813474,-1673090889601747529,7704,2,false
1649785353066827,4169829693,1850,241,1125,42764,5482345026208067478,1199148680027667649,4765,2,false
1649785353066224,3545763414,3461,882,5208,55046,-1802528628007644756,-488348486324487035,3828,3,false
1649785353067310,1477688622,4774,366,7921,37570,-5569567476771433453,-1659190882470919525,2327,1,false
1649785353068611,405927915,969,269,6629,29616,-3542735011051607696,4248415559600619807,7131,3,false
1649785353068986,8488957,4407,627,1098,65328,2213358408612590892,3935491879820980507,2639,1,false
1649785353069600,518743011,4983,48,5520,6712,-4333400388056021384,-2533305222072021588,8210,4,false
1649785353069895,81386499,852,909,3840,87340,-3518528433453480557,-7306018047902800117,4492,4,false
1649785353069286,3872321393,935,613,1963,77703,-4449386816532207674,-6089435073985197554,3645,3,false
1649785353070554,40595203,3068,515,9188,52959,-5891747119642843039,-8403911521971571739,3180,6,false
1649785353070195,1669674137,4650,704,4195,43477,-6605735078725687715,-6341388670078286063,7084,1,false
1649785353070841,3112772938,1675,471,4010,79711,5773209288724785741,-283570797689908108,6978,1,false
1649785353071178,1930548863,2272,947,1684,15634,6152115316462260314,5316267140264363091,9944,2,false
1649785353071478,2272656498,628,867,2129,38829,2094870854842384675,-4869092496628225452,3149,5,false
1649785353072020,1286146008,663,825,3294,3365,8215878738321469972,5834060346130418752,1379,1,false
1649785353072428,2561390552,877,292,5278,79326,7003662859373803298,1491314164978166235,8161,4,false
1649785353073763,3664345313,3921,493,6069,15143,-709333667535081081,3207329558279571591,3861,3,false
1649785353073307,3179732266,910,759,4049,99150,-6726059854823267141,-249047422294193791,2740,3,false
1649785353073003,1772608448,3552,14,644,77655,-8816950985952026637,-6371224081340228383,8790,2,false
1649785353074650,1114056541,146,43,8624,71491,-7032231346553230518,7182695731234704123,7815,2,false
1649785353074142,661210372,1351,695,1162,25244,3572916584737720803,-584065036244356139,1122,3,false
1649785353075005,2599267441,1256,314,1610,47357,4192190715711371544,7011586814895300732,9615,6,false
1649785353075325,3713924195,4687,284,2979,77312,-3350730703870578958,3325389707058110253,7367,2,false
1649785353075727,2766084300,905,704,8737,37412,-1064020949418924184,-4335991092812549601,2320,1,false
1649785353076034,3505393012,2924,869,3189,56864,6238208426258214581,6494680169701712735,5257,5,false
1649785353076328,3376605913,3389,643,2888,95408,360993810425103954,-2293997600410025572,6999,1,false
1649785353076845,515939759,2961,564,3726,28835,5534860587212010115,1576172415306326937,6914,3,false
1649785353077707,140172383,2466,454,7141,58565,-6655365926090569382,-2011630276470876606,9642,2,false
1649785353077344,819705981,618,919,4634,8760,2449006236911836195,201956108881945268,2757,6,false
1649785353078580,3270005690,2273,692,2991,1876,-2844145256550523963,3437218649962606670,2601,5,false
1649785353078923,647700893,3752,527,5501,49838,5050431378321644042,-7312747850009639377,3157,3,false
1649785353078305,1045941929,2911,571,8943,11018,-7105013526725000111,-3199637978390944915,8094,5,false
1649785353078018,1453023504,1906,153,4077,18627,-819535221767625186,-9196537710668323220,9933,2,false
1649785353079953,1317990493,1477,713,8506,29518,4032364471555640477,-1997712252457847749,8846,2,false
1649785353079209,863304381,1177,682,7682,91042,-5209100693660490151,1195328435029250442,7057,6,false
1649785353079519,3250168045,1240,526,4907,19132,-609659270386673608,7557117155349885801,5921,3,false
1649785353080992,1292218046,4472,570,2525,25264,-2184628079273813852,-6120409758585222195,5786,3,false
1649785353080710,4023750416,2647,177,6486,90891,8294944175588374852,101678198850519120,7025,2,false
1649785353081357,4260792570,2981,907,7645,50134,5639977994251771131,1469775730043240885,1498,6,false
1649785353081747,879834853,2375,267,5747,42277,-4942732052162900324,-1780877495321001198,9427,5,false
1649785353082386,1272949408,3321,558,3575,90915,7117775643346202018,-5964775606997367188,5149,1,false
1649785353082076,952824567,2932,527,6873,50286,-6098348478454397919,4627060053578614698,6235,6,false
1649785353083284,994934489,3538,578,4459,17018,-821903634552121517,278020960738770959,8609,4,false
1649785353084010,897201499,3964,701,5607,50154,-6667797326713962835,-8530370662214269344,9119,4,false
1649785353084406,2032463505,168,853,9831,2832,-4343362504791041692,488136540960513492,3768,1,false
1649785353084763,1598798358,903,722,763,92943,4442460520666926715,7884410533653470026,5241,4,false
1649785353085710,2881166664,1918,101,5440,16394,7973848162664443172,7635774508470319296,7864,3,false
1649785353085411,4268843096,3959,188,7007,5387,7365861034639817198,7612565371426407146,3196,1,false
1649785353085993,3961284447,4173,202,907,15484,-907897920561509072,72872737500725088,4507,4,false
1649785353085091,1707772887,1574,30,1182,45050,3067816545578904168,1942062829455825461,7518,1,false
1649785353086942,875218637,1398,473,3544,98835,939276096959720497,-5701056874779044243,4747,3,false
1649785353086650,773219741,4911,479,3870,94170,-1953895486147053108,4108855292687048035,2477,5,false
1649785353086350,4097590158,4598,462,8130,85602,-2771460312977633388,-2300030276267077969,7087,5,false
1649785353087921,2594007247,1181,602,5462,79710,-3137211905337829819,-7535640669949279727,9029,3,false
1649785353087535,3729638978,824,577,5163,77020,7520181102411711225,1137140114386325698,9745,4,false
1649785353087220,3875922914,1752,628,9783,14097,-6617261758541328324,-5853558784495930796,3688,3,false
1649785353088225,3583586472,1289,272,5942,66334,91166240506113619,3442976975684380292,2629,5,false
1649785353088825,2159386670,3734,539,9869,51656,3738168351070846275,-7030198887220287651,6772,3,false
1649785353088510,2231364467,97,971,7456,72369,5835918122304931688,6982181359512708549,1082,1,false
1649785353089407,221106282,2116,968,5659,55930,-4278906474642063474,5331315533573719014,7582,6,false
1649785353089117,2050791901,3719,340,2593,95915,664500364401410829,-7482089168819251707,6998,4,false
1649785353089677,1546596659,29,405,9325,17458,-7702110112503887931,5814109012712555626,1402,2,false
1649785353089963,4136826126,4957,991,8348,58572,6787855634485905066,8525477201928506126,4203,3,false
1649785353090244,1270905164,4462,658,5793,26989,6997332007039402744,-7651404220764566373,1392,6,false
1649785353090534,3010025203,4328,527,1184,72286,3814677684589148799,-1447534973303108222,7161,3,false
1649785353090827,3544662087,3855,607,1360,66951,4696710991043784632,-2258825873960501577,2127,3,false
1649785353091385,2275370707,2540,777,4966,63188,-3515938222203105869,9200763210015617761,5477,2,false
1649785353091749,3705634840,4339,714,4819,23835,-3489849456190133298,-1581448744971658826,7336,3,false
1649785353091110,1266131860,28,987,3785,42791,-1592238815101354666,-4793048926745825282,5862,6,false
1649785353092024,2958858384,367,127,460,45911,9041141169057808990,-8871982652952266635,1807,6,false
1649785353092314,2954976260,322,764,7898,44409,-2310189344053608597,-258145496908791483,6857,3,false
1649785353092621,2072151378,1164,153,2514,85359,7740468357046178934,5863756648571849815,7484,3,false
1649785353093625,130497169,2142,703,7775,87718,-578640236623030014,-8314942659477629358,2805,1,false
1649785353093290,655744326,2893,410,2082,70595,-734896781284733132,-2027164347823776614,6884,2,false
1649785353093008,2515996671,2010,959,4645,40766,4995613194525488275,-2327154519187690375,8117,3,false
1649785353094699,3820699626,1086,213,5909,67990,-699917510315003642,-8903210728456833198,9667,1,false
1649785353094029,1405246944,4482,463,1903,76280,-8199385015741228420,-8029555832043014210,7353,4,false
1649785353094370,1344409057,95,397,4634,93689,882328047866273116,1551039962981142240,5474,6,false
1649785353095345,2109325929,3933,294,9232,46544,-5959955998711162838,-3357951240822081903,9705,3,false
1649785353095029,155985662,3841,35,5183,797,8528209084293308596,-6274965255074135188,1326,6,false
1649785353095751,2417057174,1,495,3858,10025,997679444817790838,-6010954802345736555,2695,5,false
1649785353096075,2663017841,2596,318,4014,3729,-6509000167554291151,-7181012041110376881,3018,2,false
1649785353096430,2697422724,3472,905,3753,87351,-4135686216600520420,-6180276493111158180,6947,4,false
1649785353097012,1641975720,4119,144,7130,71962,-6623513339792462945,-4354402454107865880,6742,2,false
1649785353097434,1114076543,3135,789,9591,28598,-7466677786420055400,1383223375495826743,4364,6,false
1649785353097718,1898421468,25,769,4956,79290,-2779565026379009212,-1297058171001234798,7628,5,false
1649785353098415,1807329036,1458,996,3544,9677,-1713621883552983773,699112146512771693,3904,2,false
1649785353098768,2589227198,2347,519,5544,97402,8102898521319378141,2576083890089331405,3287,3,false
1649785353098104,3771184268,503,129,1715,66566,2326401499385974902,-7244601565782976535,6629,5,false
1649785353099392,1411579266,3917,965,6626,47555,-5665455870050592974,3395428558876728945,8136,2,false
1649785353099868,3908133548,770,997,9069,62529,5688814161025709043,-4219390226263083905,3153,4,false
1649785353099119,1880645937,2990,789,6195,53670,-6955468816969503528,-2158634084499047959,8866,5,false
1649785353100163,2348488789,4838,408,7480,99180,4081693619249596983,1523637774046317690,1939,6,false
1649785353100785,3718232646,3414,277,1461,12589,2593893224759999988,894133527476729649,6316,2,false
1649785353100481,2409038635,2381,939,7111,56649,-4552914502464257504,-6682590658131890043,2128,4,false
1649785353101073,590503139,2311,695,1892,29895,-7620437248221546006,2732818618438537692,5264,3,false
1649785353101466,3121042112,2940,625,5519,63499,2580140211142957407,-239223121635901781,8381,2,false
1649785353101770,1150827665,1776,220,8950,44644,-4247712024532280543,-3179140361760027499,9990,2,false
1649785353102391,3141134894,3076,631,7610,88395,-6348905371321798993,6344257864707458316,7451,2,false
1649785353102666,3811070113,2069,897,6699,50594,3485567043345893343,-4949140356586561542,8124,1,false
1649785353102065,1730365975,4668,995,5576,37043,7933962132247381777,2975846586110465445,9531,2,false
1649785353102995,1271000554,672,541,3889,37221,7096995788688828319,-4823179026430632928,6462,5,false
1649785353103582,3029439104,1971,880,3083,50396,6523194529750946157,-1244652682530181624,4549,2,false
1649785353103272,4152155581,2673,63,8658,81975,-6591473162396118980,8311251457499381742,8360,5,false
1649785353103921,768785828,23,912,3554,90650,-6149830085191838648,1898041499496267996,2008,1,false
1649785353104218,3388785277,500,282,5901,39193,7863333360922442427,3061827686672296636,3017,1,false
1649785353104507,686961501,152,691,6096,31033,9176872854873530234,-5983431744695369442,3767,5,false
1649785353104797,1171113878,4215,836,2078,50152,3571042893319940861,-1831711498379105770,2112,5,false
1649785353105150,4153905310,4035,611,107,95914,8610903949011500262,6186760778245052300,7333,1,false
1649785353105814,368138430,1696,845,4936,87131,2753882763643651257,6545699547533228265,8457,2,false
1649785353105494,253456133,4610,975,402,8088,-507684917073853503,-2711621459892823821,1301,6,false
1649785353106118,1892893744,4758,954,5889,15741,2416807153038531215,450995493782372277,8789,4,false
1649785353106539,1186858326,1788,140,2856,19251,-7252017310707312186,-8874768384302488239,4944,3,false
1649785353107844,1574948454,2864,173,6859,13932,7206651056148048534,-521338066619353103,5153,4,false
1649785353107028,1276075716,3897,855,763,64754,-4127350983357097655,-4298131787464822955,5163,4,false
1649785353108263,2606029219,3806,42,2144,45347,1887956536686069962,-3636194945021693561,7306,3,false
1649785353108910,279729951,2418,546,6622,87432,-9020380549925308237,5699301160126380894,7760,3,false
1649785353108608,1447323128,1149,214,2254,11639,7559213907972622578,8274350782599597118,5170,3,false
1649785353109286,3653237660,2355,878,4734,68950,5672869177426840922,6135910763644074052,6652,5,false
1649785353109957,3159032869,2063,565,6582,8894,-7338038242400748606,-5191312021491772126,9482,3,false
1649785353109589,4265275390,1942,866,6226,62228,-2648701956242959252,-6432725423564905457,8353,1,false
1649785353110305,2253517456,4288,219,4709,13115,-148522331076596487,-9182731367936596583,4728,3,false
1649785353110673,955914387,449,787,2743,73869,-7340918238637810484,-7442833493257354214,3451,5,false
1649785353110989,1533704204,56,130,2113,75548,5733551140109902966,8430189616655051153,4074,4,false
1649785353111668,3386601604,3961,103,7362,41674,-11661216308110858,5862566126996315713,1672,5,false
1649785353111314,2770817969,1877,76,9683,28251,1152835408195884496,-718747408346799497,9411,5,false
1649785353112340,28499683,4519,500,9515,51966,1954171399585747122,-1192580597768039927,6862,6,false
1649785353112657,3835355785,1500,485,6994,61186,-3061631497890769234,-7082198993734440709,3320,5,false
1649785353112031,1994790028,3750,924,8135,36304,1672348285068938084,1583782803538943912,7071,3,false
1649785353112961,2940693599,4415,961,3572,77312,989132167861084806,-5595595055165964308,6005,5,false
1649785353113352,3855926785,8,362,2049,5532,-2961889856431429692,-7185577690305092589,9470,6,false
1649785353113638,2457108650,4812,805,1007,6222,-8428922426255174780,-934586945259645721,7963,1,false
1649785353114247,1774695882,1477,111,4195,8571,-252428881650477346,-3199021782760555306,3379,1,false
1649785353114693,3166453821,2508,345,8946,91487,-7994426208095918698,4671549513901595439,2352,3,false
1649785353115084,3959854360,1274,998,9827,45162,3591226690446796746,2464080134718891718,4653,1,false
1649785353115507,3839907265,4127,826,759,93435,-6484784369363208090,-6229834256842930999,3051,1,false
1649785353116516,1937071715,3928,432,1838,34775,-706883221579948180,88025138931318394,7623,5,false
1649785353116158,53999993,573,730,3687,93000,2631949371963180947,-1213144573356360411,2618,6,false
1649785353116849,2733680936,2040,374,3634,7133,8144303171656950556,-3944870275717926890,1758,6,false
1649785353117168,4239772463,4580,686,7852,35719,-7649498264664717088,-4500089414967775807,1270,2,false
1649785353117909,3359702786,1781,825,6936,88259,-7951871378228811773,3524523689908355598,3104,3,false
1649785353117592,4072280756,2091,918,1388,51371,2891220534774098807,523381744624227994,2581,5,false
1649785353118559,1791605145,3314,11,2223,41368,-4084386458886132875,-1226061601443356002,1417,5,false
1649785353118986,1103638335,3703,85,171,20374,9211679892381628711,2821692055752992744,7346,6,false
1649785353118212,2823813467,2565,808,1711,25725,8555849015791924744,-4018350015017451476,7770,1,false
1649785353119332,2458414773,1900,674,4754,94546,1349412911349199364,5736221220907286075,8711,5,false
1649785353119775,961026171,3963,818,2223,37732,-1426367044489094985,-6120501754084813068,2211,1,false
1649785353120167,2219438608,3148,784,5444,19803,86365663539406850,-4728290474837837089,8183,4,false
1649785353120770,3465393056,2884,810,4389,99935,-4881156216104072908,1212421265197114910,9140,1,false
1649785353120476,1705141510,867,523,1858,88541,7534541589323560261,6392761607136559045,8228,6,false
1649785353121359,3375537551,80,763,5730,74292,3514639544866019911,-5127943486191688950,4483,5,false
1649785353121645,2630317390,965,576,2165,89953,-6062540766395500230,-3647537829554747866,1658,6,false
1649785353121930,1626340526,4596,87,2175,3574,-6407001582066726485,-4980074092160389977,3465,5,false
1649785353121062,2182721058,3177,290,7137,7391,-3418362437824094483,5573286420514883088,2565,5,false
1649785353122220,3107763525,277,745,1913,85643,-5281034323823206408,3694440923344482755,9992,2,false
1649785353122553,881836306,4606,489,2852,55879,5615608246285629556,-9025810939024514204,1292,1,false
1649785353122940,436562875,117,465,7632,33572,-7976705363836684082,5251779889352057258,9234,1,false
1649785353123507,1846385886,65,338,6472,69750,-8042447523565528177,-507445191442645654,6438,4,false
1649785353123231,3448548425,1921,571,3602,12115,-5146027737994907033,-4071016668714607991,3434,1,false
1649785353123936,4158899095,4296,488,7352,31069,6234329376468119203,-2674059762249937696,5128,3,false
1649785353124886,1125515336,4722,722,4953,82347,-947319919281761624,7153781650907227973,6526,6,false
1649785353124255,902995111,2603,846,4037,33618,-5344501406451678869,-7981222855545233049,7927,4,false
1649785353124588,375305505,129,93,2336,91456,7450140622604919588,7172201381454348286,6557,2,false
1649785353125174,525294944,484,322,9320,97717,6183188217565474545,5399062651058814325,3165,3,false
1649785353125444,2345445968,1469,457,3397,37654,1545555887230926823,-5585535591261401178,7638,5,false
1649785353125754,334762361,4198,517,4224,74187,-7545673503865057910,1881702770886037405,7098,3,false
1649785353126932,559774292,4353,80,4616,49280,-6250436224542196465,-3806834194632905338,4712,1,false
1649785353126319,1443620934,2018,826,5514,98310,-5246882434014991910,-225513887669478813,5285,1,false
1649785353126590,1990716628,4996,32,9941,23985,4033505872770266194,4743257667887436528,3526,6,false
1649785353126031,2543518034,2531,539,9010,37981,1788540532689654783,4852890795189699069,2852,1,false
1649785353127209,662642603,4661,21,1089,16038,7415614310788741234,-3425180114094946723,4858,5,false
1649785353127880,1742246743,3991,616,7199,7409,-9172136210413692960,-3385005481510058112,4260,6,false
1649785353127499,2061528871,607,494,718,89612,-7888535386768707246,1479746624202705925,9245,5,false
1649785353128772,2925184312,467,436,1152,67454,5934736140707049385,-7373620589157965416,4213,6,false
1649785353128467,3991216320,1447,78,1891,30793,7109671056079126342,-7526291866919457197,7808,5,false
1649785353128192,1154360300,3515,750,3809,40390,3948123281582331713,-4605761309031215701,5808,4,false
1649785353129848,1965010942,1985,744,1522,34920,964160922957199932,-5409254553238187470,4259,4,false
1649785353129111,622426409,3345,233,8583,5776,8964627815548805274,8017313635939217738,9388,4,false
1649785353130880,3898113118,57,561,4396,4863,7172428080778448759,464716388460194711,3928,6,false
1649785353131312,2330106689,3501,80,5941,79046,-8612787718108926310,5208345206612262072,7446,4,false
1649785353131754,3082822211,1155,219,6156,69165,-2730677239525130037,67680316017475099,5789,1,false
1649785353132913,1280814586,2330,542,9431,47140,3563012017499848862,-673881950353451498,7392,6,false
1649785353132160,1483561030,4442,681,7967,67140,1518456772810258192,1965051364688165110,5710,3,false
1649785353133814,862969159,1534,640,3493,24606,4466896519697470436,-1691713615120059621,9615,4,false
1649785353134484,3565902798,3876,209,7229,88466,-8343404528410316630,-2158418596271672483,3274,5,false
1649785353134875,1496876570,4811,245,1224,47591,-1736065016987951564,3029715364771873406,8054,1,false
1649785353135505,341023791,4290,941,5571,70476,5346277623000660119,-5246039646592323117,6054,4,false
1649785353135170,4113633115,1444,977,4518,70083,3436266498549378261,6976832604232945942,9014,5,false
1649785353136362,3098000861,745,868,1334,8811,-7719548052132180893,1600556836380169540,5209,1,false
1649785353137122,2318309320,3775,203,364,5600,6706679317721992997,7109566592245779545,8894,3,false
1649785353137986,2588902069,4528,981,6339,32031,9190969794918176995,2529145785304075306,9905,2,false
1649785353137602,1619312770,3308,744,5486,19776,3780941629781273026,-8378415142779793556,2366,3,false
1649785353138261,3920890557,1132,121,1244,39902,1308876026937339248,8877836751048968815,7291,5,false
1649785353138598,1208545519,2929,869,6123,60579,1138521034757707312,5635591484186068326,9800,4,false
1649785353138911,3502106492,3786,263,9534,97124,-630446739617469861,3840963663373370256,7961,6,false
1649785353139690,1905515093,3849,988,1649,16714,1334376450934212516,8522571974386915401,3422,5,false
1649785353139330,177670826,3572,384,2933,51912,6773124108322464420,5841511470596727725,2597,4,false
1649785353140899,1532036570,2070,442,4855,94394,-4332763328257997885,-7563929103470848815,1641,3,false
1649785353140418,695645029,2017,124,7315,72819,4004058767055207039,5332856247570255975,5902,1,false
1649785353140128,2796737078,1939,118,8065,25425,-335106528632777199,8605302293907825699,8388,4,false
1649785353141209,5405884,474,64,5583,22460,521052024288727981,-8237867371383430613,4154,6,false
1649785353141768,1557593237,1773,901,9131,99864,-7535625181791709927,7279775503153785667,5491,6,false
1649785353141496,1542578817,336,217,1366,76736,-384280294748795048,8799405192066290438,9802,5,false
1649785353142080,3048110311,1166,549,6369,15869,-2909436778356611952,7441706675592635756,6353,3,false
1649785353142382,9454494,4778,366,3855,4688,7196273720489573004,-812825302461415799,7437,1,false
1649785353142697,1039401980,92,385,1793,53153,5436222364576439576,4638081009478410264,9516,2,false
1649785353142995,3178730857,2731,118,5137,16333,3694221121991295391,-1035790551125650552,2107,2,false
1649785353143316,3417726355,328,313,911,21644,-2910372240473331724,-8108763671140722498,5880,3,false
1649785353143866,995919544,4029,736,3318,93293,-7341943714974061942,4063998228762204872,9492,1,false
1649785353144310,325768445,595,719,9844,76177,-2309276204352803602,3717174406679837911,2491,1,false
1649785353144719,1813379385,1488,333,1542,51480,-1549424605801619977,4714621340237340570,5188,3,false
1649785353145050,2919681486,2357,390,6339,96850,-6746155353740798190,-8596411013442915348,2282,2,false
1649785353145382,903813169,2414,435,8902,89952,2858981983568120584,-1881743597893936695,9653,2,false
